# px, py, pz, ox, oy, oz, ow
6.407351327781041217e-01,4.776696202520794299e-01,1.930250000736030702e-02,-9.999999628611042635e-01,-1.344660383245580417e-04,1.291537297156016527e-05,2.358508615812023382e-04
6.627405899753330276e-01,4.517372269262451834e-01,-3.872573161245748685e-02,-9.999999637174786793e-01,-1.345483685860428854e-04,1.283875535754376419e-05,2.357519744038945667e-04
3.776747113642904830e-01,6.956732518490055250e-01,-5.045867259440307839e-02,-9.999999625022041316e-01,-1.344674772298436812e-04,1.290512140915004973e-05,2.358371277232614363e-04
5.957735168033040374e-01,3.415841546529312933e-01,8.815886065633082858e-02,-9.999999622441715363e-01,-1.391679577581620493e-04,1.290716714327425126e-05,2.358386836333954315e-04
4.697191107693805545e-01,5.405852576882334004e-01,5.537394497532524551e-02,-9.999999637715847323e-01,-1.344381652020729579e-04,1.294488374941949705e-05,2.358106717960776501e-04
7.817938396920365296e-01,2.656384802572268056e-01,8.407318304182476165e-02,-9.999999630336536827e-01,-1.296780755874152747e-04,1.290881112542316113e-05,2.358385801260583713e-04
7.777752413523274511e-01,3.296937756935010011e-01,3.114143235876862259e-02,-9.999999625757962640e-01,-1.344642255111098592e-04,1.290771269263975041e-05,2.358354102727747864e-04
2.797060032875181568e-01,5.835400831421523327e-01,5.142457323180471551e-02,-9.999999629684001023e-01,-1.297053952511866579e-04,1.493618831932434322e-05,2.381141343860567166e-04
5.607267037108475405e-01,5.007473591000894952e-01,-7.567041091701803834e-02,-9.999999636711430773e-01,-1.355903164377725723e-04,1.071944062999977259e-05,2.340933282186784422e-04
7.127796032732895970e-01,3.316221383015811042e-01,8.514520743074474596e-02,-9.999999619937155471e-01,-1.344650538809030022e-04,8.414513101632712917e-06,2.401234451011260594e-04
6.007528278931452137e-01,3.978153524769990623e-01,-1.277815457382762976e-01,-9.999999631547193957e-01,-1.344721331930508364e-04,1.290793904087721936e-05,2.358296120637767585e-04
2.436969784838148301e-01,5.867489912331471658e-01,-1.595746465181234752e-01,-9.999999626483782045e-01,-1.341716527066337636e-04,1.148063320307815836e-05,2.374302612193490030e-04
5.717149704855057912e-01,5.299043376633592040e-01,-2.186402483983790890e-01,-9.999999631469673744e-01,-1.344696326683399341e-04,1.290564193259459236e-05,2.358407551240056070e-04
4.356797685069574433e-01,6.855873466786147619e-01,4.452877441984451345e-02,-9.999999627950273418e-01,-1.345679370055888563e-04,1.253432388041894315e-05,2.352934874737436612e-04
5.747011840544234973e-01,6.056052452090417981e-01,6.043822509517024488e-02,-9.999999635430237843e-01,-1.353300621693749746e-04,9.673883540106160164e-06,2.324219717223415243e-04
7.908164604888618943e-01,1.747080318681935585e-01,2.097612799475595535e-02,-9.999999626811991726e-01,-1.344697926488354193e-04,1.287180900866355863e-05,2.358346944783701619e-04
3.576972675644192190e-01,5.748049799753246480e-01,-1.835908084666354745e-01,-9.999999631580958059e-01,-1.339254783128578433e-04,1.044836315456712472e-05,2.371100258590505083e-04
6.567709511582549009e-01,3.367591544301573037e-01,-6.084795075767204797e-02,-9.999999634356681044e-01,-1.344650992546268776e-04,1.290789981484839166e-05,2.358405285749145153e-04
6.377434246261789452e-01,4.407343788547533059e-01,-4.373496098681622923e-02,-9.999999628467599599e-01,-1.344247789400137129e-04,1.207662926315133226e-05,2.364588931155695288e-04
4.217446893926151685e-01,4.327310349353447050e-01,-9.373923909689124701e-02,-9.999999630575544529e-01,-1.344814908867153253e-04,1.305943783966927842e-05,2.358474693518274978e-04
5.276918016157466917e-01,6.178722274712209472e-01,-1.995454670358148830e-01,-9.999999626686462140e-01,-1.344676500826636292e-04,1.290665035605475935e-05,2.358393903536809956e-04
3.397033143140551492e-01,5.648140993924775088e-01,-1.945988527138116653e-01,-9.999999629460201156e-01,-1.343291393351605774e-04,1.169847330571459504e-05,2.364761837503477052e-04
7.167553171534916112e-01,3.898327255872091057e-01,-1.147930522325559255e-01,-9.999999637896588300e-01,-1.344661965211289562e-04,1.290887277648401126e-05,2.358410944764837726e-04
6.547356340070114022e-01,4.706823601615947594e-01,8.295953162967079075e-03,-9.999999627377449407e-01,-1.348908670997285846e-04,1.318422379513093344e-05,2.381793628023206948e-04
6.247179112244911625e-01,5.446333402150516090e-01,4.937419568575124318e-02,-9.999999623417665795e-01,-1.344662541256061070e-04,1.290813661691073064e-05,2.358384597891598038e-04
4.447433010850521673e-01,4.447790235843621653e-01,-1.327246902350896762e-01,-9.999999626640425632e-01,-1.346541444999194918e-04,1.417319337038474394e-05,2.355996780599274251e-04
2.746748686021106001e-01,6.886465572411341052e-01,-5.546436170367491370e-02,-9.999999641514418780e-01,-1.347818471080210949e-04,1.120414726197474967e-05,2.334881147679324738e-04
4.847618189856557902e-01,3.647820314955574905e-01,-1.258135144437207698e-01,-9.999999629599776174e-01,-1.343757900497050193e-04,1.302177782708825885e-05,2.357955593320190299e-04
3.027021645246545933e-01,6.006903964947221120e-01,-8.455375200776027445e-02,-9.999999633052280013e-01,-1.347792680465036586e-04,1.382258639682061632e-05,2.348144097843236260e-04
6.877885430103489739e-01,2.497632363175797121e-01,-5.594508633465389291e-02,-9.999999619748169977e-01,-1.347362004857275667e-04,1.239715515101372375e-05,2.397040167601186369e-04
7.217185235053934500e-01,5.248198363579823500e-01,-1.016493579100013200e-01,-9.999999631611306006e-01,-1.344519609710290197e-04,1.275840066400911532e-05,2.358862773668306322e-04
5.907350449357227085e-01,4.746943932027519741e-01,-1.669938407927940016e-02,-9.999999628410983776e-01,-1.344429646688350994e-04,1.283956654738292300e-05,2.357589705302779988e-04
6.867868249309716511e-01,2.678779474055952292e-01,-1.649221002178282158e-01,-9.999999639924379569e-01,-1.296172572548261138e-04,1.290941818767865849e-05,2.358385603543276777e-04
7.338009798501736736e-01,2.139055206295155109e-01,-1.789807767227826751e-01,-9.999999632021565610e-01,-1.296655883312436940e-04,1.290940793951591561e-05,2.358385610604609903e-04
3.537245435767686907e-01,5.087150985472396192e-01,-9.565611782707016120e-02,-9.999999631548933676e-01,-1.344949410882619826e-04,1.319317143747390455e-05,2.357444710998657400e-04
3.736636323225758782e-01,7.248062673734029238e-01,-1.764276302133756524e-01,-9.999999636502641120e-01,-1.344673925157214623e-04,1.290777615134371993e-05,2.358402474772072028e-04
5.797607504256228061e-01,3.806686431742568044e-01,6.202209210607684264e-03,-9.999999626233735395e-01,-1.312081622797824207e-04,1.272499650260591353e-05,2.379421261252761231e-04
1.926827627905830231e-01,6.527462092529053850e-01,-1.665001907414710991e-01,-9.999999628204754298e-01,-1.344455520694170006e-04,1.268959689302914902e-05,2.360933200356887503e-04
2.526733321003737376e-01,6.897401890059279284e-01,-1.454622179442816021e-01,-9.999999637084182602e-01,-1.344152587013290015e-04,1.273138814608203151e-05,2.360056781950931439e-04
6.716857019660500416e-01,6.379202383619381189e-01,-2.085277013761662190e-01,-9.999999631297332714e-01,-1.344549586450584334e-04,1.282211315832569698e-05,2.358796366097321972e-04
7.398149570276303377e-01,1.846925528139537198e-01,2.598808860688808786e-02,-9.999999617087138581e-01,-1.310943182124585285e-04,1.178753526407614935e-05,2.406213982280605524e-04
5.096754246105001940e-01,6.788662858540503997e-01,-1.984800790614525412e-01,-9.999999642607751982e-01,-1.344677731746504279e-04,1.290572637201639126e-05,2.358394153036340150e-04
1.616847385018852223e-01,6.625683530676507171e-01,-6.488257356304760748e-03,-9.999999635984505586e-01,-1.344662197174816996e-04,1.290828666119449267e-05,2.358387072300020067e-04
4.497136619895430454e-01,5.506948083763206769e-01,-5.261485033957884194e-02,-9.999999627491601428e-01,-1.344631505442777579e-04,1.289326172358709975e-05,2.358243450512841055e-04
5.646645816110937854e-01,7.267495552440272899e-01,-7.643025421243981876e-02,-9.999999624262739806e-01,-1.340926062229642326e-04,1.250312396833486548e-05,2.349164096479844507e-04
4.777318287424346943e-01,4.856736645082321835e-01,-2.568477218124440298e-02,-9.999999627016792347e-01,-1.344661554786917936e-04,1.290773735066984918e-05,2.358370079152251146e-04
3.146896982128407072e-01,6.098218415993861274e-01,-2.095506482833886519e-01,-9.999999627064816154e-01,-1.341996046143921560e-04,1.119778256946306311e-05,2.369547480745115109e-04
5.426891927217971645e-01,6.437056912437921774e-01,-3.951811729468772405e-02,-9.999999631131378797e-01,-1.346417857538565258e-04,1.216830148665998237e-05,2.356249192366831704e-04
7.988327227029141664e-01,1.068305806489200371e-01,-9.009638364563672674e-02,-9.999999623805754245e-01,-1.325251894774533764e-04,1.203551370215993099e-05,2.388209405545677901e-04
5.817792655492342035e-01,2.958539516939530656e-01,-1.688895197399358783e-01,-9.999999631801508304e-01,-1.345024641336342705e-04,1.281505896970769947e-05,2.358718920202444724e-04
6.647046214765998107e-01,5.936461491472752039e-01,4.742528286396835435e-02,-9.999999637077204850e-01,-1.344697910989629385e-04,1.285771759564901372e-05,2.357767352257818000e-04
7.237260814073579462e-01,4.968515701126867690e-01,-1.306793294349755385e-01,-9.999999629544047419e-01,-1.344640630379735147e-04,1.287973833941733224e-05,2.358169627501041600e-04
7.097607867093751466e-01,3.866403303694329607e-01,6.420383343591473668e-02,-9.999999635299151590e-01,-1.296841978153654340e-04,1.290940396472805700e-05,2.358385616489053498e-04
1.776930963428805521e-01,6.335608650014956655e-01,4.481409772252170631e-03,-9.999999632700528052e-01,-1.344889319803792543e-04,1.305850508552256270e-05,2.358363305514548432e-04
2.316933915269087652e-01,6.305861280090687693e-01,-5.524042663912709372e-03,-9.999999631436828906e-01,-1.344682420236660559e-04,1.291918080299742231e-05,2.358372654200452075e-04
4.067370553298753633e-01,4.587772918307371772e-01,-1.407107942416693513e-01,-9.999999635455549818e-01,-1.344925894912350945e-04,1.326540413333218402e-05,2.357479359815915939e-04
3.297087565961459021e-01,5.787119385248122860e-01,-9.757695630743135062e-02,-9.999999630843171561e-01,-1.348359120071788758e-04,1.430874286989251383e-05,2.347263251314919490e-04
2.827151378335178156e-01,5.545573637601369787e-01,3.439288277874139044e-02,-9.999999638100751653e-01,-1.344851368373251325e-04,1.297280635370332045e-05,2.359001780852539964e-04
4.206994963300819679e-01,5.967625688931930128e-01,-1.235650128988260571e-01,-9.999999630982097099e-01,-1.346473858807338878e-04,1.269793946511950229e-05,2.359908320866046919e-04
4.757448315983785481e-01,4.247383372995912620e-01,-8.775086185420412355e-02,-9.999999633456883030e-01,-1.343853425887091865e-04,1.320228087619239790e-05,2.343587099457988669e-04
5.356785090217799361e-01,6.747898398084333227e-01,-1.204849126503633738e-01,-9.999999638390090206e-01,-1.343214016676678936e-04,1.295573168319216398e-05,2.358210497764246449e-04
5.527806092883470468e-01,3.046894120261233740e-01,-2.187921509639717543e-02,-9.999999633139864397e-01,-1.345100651287069909e-04,1.286267004442570676e-05,2.355350948189045054e-04
6.737696446751345603e-01,3.597055259329010046e-01,-2.823936855758213404e-03,-9.999999619221781044e-01,-1.344650925971449388e-04,8.594024872582927037e-06,2.404234403731201296e-04
